1.658985		4.285136
-3.453687	3.424321
4.838138		-1.151539
-5.379713	-3.362104
0.972564		2.924086
-3.567919	1.531611
0.450614		-3.302219
-3.487105	-1.724432
2.668759		1.594842
-3.156485	3.191137
3.165506		-3.999838
-2.786837	-3.099354
4.208187		2.984927
-2.123337	2.943366
0.704199		-0.479481
-0.392370	-3.963704
2.831667		1.574018
-0.790153	3.343144
2.943496		-3.357075
1.692345                 4.327699
-3.853687	3.624321
4.638138		-1.051538
-5.479716	-3.562106
0.992565		2.824087
-3.667915	1.631611
0.550612		-3.402219
-3.787102	-1.824432
2.868759		1.794842
